-0.54633
0.52121
-0.010345
-3.3112e-14
1.4865e-13
6.5788e-14
-2.4552e-14
5.0532e-14
-1.2635e-13
5.446e-14
5.0015e-14
-8.6145e-14
-2.1816e-14
7.2352e-14
-6.4339e-14
-1.8605e-13
-2.3773e-14
1.3827e-14
5.8869e-16
-7.0589e-14
3.4974e-14
-1.0397e-13
8.1735e-17
4.7354e-14
-4.7538e-14
8.1508e-14
9.5047e-15
2.1784e-14
5.468e-14
-3.8358e-15
2.1767e-14
5.2079e-14
-4.1323e-14
7.0823e-15
-6.8993e-14
2.7126e-14
-3.2313e-14
3.5225e-15
7.7988e-15
-4.1779e-14
1.0782e-14
4.3823e-14
9.3846e-15
4.455e-14
-5.7452e-15
6.0042e-15
2.7649e-14
5.8051e-15
-3.4916e-14
-3.9511e-15
-2.6031e-14
-1.0196e-15
-2.9311e-14
-7.2916e-15
-5.4688e-15
-1.3879e-15
-3.4581e-14
1.0259e-14
-2.9786e-14
2.5571e-14
-2.1677e-16
6.8372e-15
-1.8254e-14
-1.1018e-15
-4.8325e-15
-2.3021e-14
-5.5137e-16
-8.7993e-16
8.8403e-15
1.5387e-15
-1.426e-14
1.729e-14
-2.4965e-14
4.5026e-15
-4.5287e-15
-1.3134e-14
3.6341e-15
3.9645e-15
-7.1214e-15
2.6719e-15
6.6933e-15
-8.7633e-16
1.6733e-14
-6.4295e-16
-1.4333e-14
-2.0148e-14
-5.0979e-15
-6.8998e-16
3.3292e-14
4.1754e-15
1.4449e-14
-5.2416e-15
1.6253e-14
3.0759e-15
3.2075e-15
-5.595e-15
1.0519e-15
1.4854e-15
-1.5045e-14
1.1631e-14
5.9868e-15
-1.2836e-14
-1.1778e-14
2.4748e-14
-7.9187e-16
2.301e-15
-1.1538e-14
-2.0995e-14
2.4168e-15
-2.259e-15
1.3194e-14
-3.1622e-15
9.3256e-15
1.5018e-14
-4.3966e-15
-1.2697e-14
1.032e-15
3.752e-15
-4.2083e-15
-1.9341e-14
4.9047e-15
-8.786e-15
-7.609e-15
8.9132e-15
-9.822e-15
1.0815e-14
2.2265e-14
-3.1978e-15
7.5855e-15
-1.1502e-14
1.1786e-14
6.1256e-15
-9.647e-15
-1.4807e-14
-1.0864e-14
-2.7489e-15
-1.3303e-15
-1.1487e-14
2.18e-15
8.1542e-16
2.7728e-15
3.1546e-15
5.2078e-15
7.5477e-16
3.2832e-15
3.2874e-15
5.9884e-15
3.8906e-15
9.054e-15
4.8816e-16
5.1306e-15
4.847e-15
-1.4741e-14
1.87e-15
7.147e-15
-1.7085e-14
-2.5142e-15
7.7993e-16
5.2246e-16
1.7411e-15
1.3661e-15
-3.8801e-15
3.2495e-15
-2.8151e-15
1.5229e-14
-4.9644e-15
-2.9658e-15
-8.296e-15
7.3272e-15
-8.3077e-15
-1.2078e-14
3.778e-15
-8.799e-16
-2.9318e-15
-3.2137e-15
7.5202e-15
-1.9628e-14
1.5665e-14
-1.1579e-15
-9.8601e-15
6.4603e-15
1.1024e-14
8.9287e-15
-5.2801e-16
-4.1502e-15
2.2643e-15
1.4604e-16
3.9287e-15
2.2731e-15
-4.9398e-15
8.0855e-15
9.7781e-17
-3.6327e-15
-1.0151e-14
-7.8964e-15
5.2793e-15
-2.7535e-15
-1.89e-15
-3.8997e-15
-1.5734e-14
-1.4335e-15
-1.6285e-15
2.3873e-15
-9.5957e-16
-3.1299e-15
3.3391e-15
-2.2364e-16
-1.363e-14
-9.3408e-15
-6.9399e-15
6.5448e-15
-2.6476e-15
-7.0699e-15
5.0593e-15
-1.4039e-14
-6.186e-15
3.4076e-15
-7.7513e-15
8.6984e-15
-5.0233e-15
-4.1464e-15
2.976e-15
7.959e-15
-2.0314e-15
-4.707e-15
-8.0385e-15
1.0219e-15
2.2918e-15
1.1817e-16
-1.6194e-16
-5.2897e-15
-8.1718e-16
-2.7975e-15
5.8828e-15
-2.3452e-16
-1.1011e-15
3.9184e-16
-9.5618e-16
-5.4873e-15
-7.0034e-15
-1.1726e-15
-5.0465e-15
7.8412e-16
3.9464e-15
-1.3778e-15
-9.2902e-18
4.0844e-15
-6.4644e-16
3.5316e-15
-2.3171e-15
-3.1021e-15
-8.7365e-16
1.1726e-15
-1.3077e-15
3.5045e-15
-2.0236e-16
-7.808e-15
1.1297e-15
5.9053e-15
6.2955e-16
-4.1938e-15
4.6257e-15
-4.7354e-16
5.1344e-15
-4.3353e-15
5.2176e-15
7.7622e-15
-4.3571e-15
-1.2473e-16
3.8016e-15
-3.8679e-15
1.2396e-15
-6.8541e-15
-4.2569e-15
4.6511e-15
3.4329e-15
3.5751e-15
2.2706e-15
-1.2333e-15
-4.5555e-15
2.1094e-15
-1.9616e-15
1.5739e-15
3.2616e-15
-2.2376e-15
-4.1039e-15
-9.3078e-16
-1.2293e-15
1.6628e-15
-1.5508e-15
1.6584e-15
1.3159e-15
-7.7425e-16
-1.4986e-15
2.0736e-15
-8.3719e-16
1.6771e-15
1.0967e-15
6.9008e-16
3.3168e-15
7.6245e-16
-2.0819e-15
3.0253e-15
-2.5642e-15
1.1255e-15
-1.2122e-15
5.8494e-16
-5.4855e-16
-5.5827e-16
-0.014815
0.048447
0.049189
-0.050776
-0.24056
-2.9271e-08
0.046683
-0.020372
-0.11017
-0.095924
-0.19489
0.11725
-1.6672e-08
4.0871e-13
0.47717
0.12599
-4.7855e-11
2.788e-09
-0.024204
0.052008
0.18044
-0.046446
-0.1538
0.18457
-0.18789
0.0096895
-0.072666
-0.18714
-4.3191e-10
-0.25176
0.63067
0.28193
-4.2627e-10
0.27931
-0.048645
-4.3171e-05
0.22144
2.3046e-09
0.27214
-4.5788e-10
-0.027108
0.50079
1.5798
-0.057674
0.393
-0.096585
0.53944
3.0883
-3.9703e-10
-1.0015
0.42331
-0.98999
1.3565
-5.7537e-09
0.34112
1.7351e-10
-3.6311e-08
3.1853e-09
-6.8265e-09
-1.1044e-08
-5.3076e-09
-4.54
-2.4937e-09
3.9374e-12
-2.1675
-4.5633e-10
2.1044e-09
-4.4924
-2.2954e-10
1.8597e-10
2.1495
5.4088e-09
-1.2572e-09
4.8512e-09
-4.3037e-10
-3.8706e-09
-1.2791e-09
3.2081e-09
-4.7206e-10
1.5473e-10
5.2466e-10
6.4184e-10
1.2879e-09
-5.991e-10
-1.5773e-09
-4.7821e-10
-1.9948e-09
9.4229e-10
1.891e-10
-1.5424e-10
5.0894e-10
2.1837e-11
-2.316e-10
1.986e-10
4.5864e-10
4.6359e-10
-3.1742e-10
-1.2986e-10
2.1637e-10
-1.0967e-10
-8.3943e-11
1.5281e-10
7.2639e-11
-1.4398e-10
-2.0412e-10
2.3972e-10
8.6173e-11
-8.6082e-11
1.2403e-11
-9.7311e-11
1.4977e-10
-2.3077e-12
3.1926e-11
3.6648e-11
2.1364e-11
-7.9024e-11
-2.7339e-12
-1.2465e-11
-9.3839e-11
-3.6208e-14
8.6436e-12
1.469e-11
-2.9165e-11
-4.4758e-12
3.6033e-11
-3.5908e-11
5.8271e-12
-1.6844e-11
3.4972e-11
1.6756e-12
-3.3415e-11
3.4335e-12
-2.0976e-11
-1.0947e-11
8.3386e-13
2.1603e-12
3.6174e-12
1.252e-11
1.2665e-11
2.106e-12
8.9136e-12
4.5325e-12
2.0744e-11
4.9142e-12
2.6643e-12
-1.265e-12
8.186e-13
7.075e-12
1.972e-12
1.3643e-12
-1.5096e-12
3.4188e-12
1.3122e-12
3.1857e-13
-1.8489e-12
-3.2315e-14
7.353e-13
2.462e-12
-1.6282e-13
-7.2853e-13
-1.4295e-12
4.7159e-13
5.9758e-13
-4.426e-13
-5.6663e-13
1.1662e-13
2.1584e-13
5.3739e-13
7.8429e-14
-2.3478e-13
-2.4429e-13
1.9467e-13
-1.327e-13
6.3824e-14
-1.0147e-13
-2.1122e-15
2.1059e-13
1.6476e-13
2.0133e-13
-2.3961e-14
-1.4827e-14
-8.5128e-14
-1.0679e-13
3.3781e-14
-8.6382e-14
2.6963e-13
-2.3986e-15
3.0303e-14
5.456e-15
1.5156e-14
-3.0007e-14
9.784e-15
-1.2816e-14
-3.0491e-15
2.6007e-14
-8.9338e-15
-1.4058e-14
5.008e-14
1.9446e-14
-1.1793e-14
1.3525e-14
-7.5961e-15
3.4535e-14
4.5633e-15
2.315e-14
2.2819e-15
2.8298e-15
6.9907e-15
1.2591e-15
1.2888e-15
2.2568e-15
-5.9574e-15
1.0261e-14
3.9998e-15
-6.4854e-15
-5.5117e-15
-1.0691e-14
-3.5413e-15
-4.1214e-15
1.613e-14
2.7636e-15
-1.2203e-15
1.6676e-16
-1.7876e-15
9.8027e-15
4.1137e-15
-8.587e-15
-7.6844e-15
-1.4888e-14
6.8548e-16
1.1415e-14
4.9005e-15
8.1495e-15
-8.4843e-15
1.0196e-16
2.6362e-15
-8.3287e-15
5.7972e-16
-3.7503e-15
-3.3219e-16
3.4495e-15
6.2264e-16
4.675e-15
7.2654e-15
6.1017e-15
2.0978e-15
4.0628e-15
-4.1258e-15
-5.1794e-16
5.2543e-15
-1.3679e-15
2.8993e-15
-7.6354e-15
5.9139e-15
2.4171e-16
-1.9195e-15
3.3192e-15
-1.0394e-14
-8.9989e-15
-4.4727e-15
-3.2139e-15
-2.0446e-15
6.8688e-15
-8.3703e-15
-1.0336e-15
7.7128e-15
7.3251e-15
-4.422e-15
-4.2379e-15
2.2202e-15
-1.51e-15
-9.9138e-15
-1.873e-15
2.2893e-16
2.2037e-15
2.495e-15
7.6722e-15
-2.1373e-16
-4.0555e-15
8.0696e-15
9.6383e-15
1.6608e-15
1.3089e-15
2.8453e-15
5.5147e-16
2.0348e-15
1.1161e-15
8.0093e-16
3.3504e-15
2.4321e-16
-7.0914e-16
-1.0572e-15
1.6276e-15
7.5437e-15
-2.9008e-15
-2.7085e-16
1.4075e-15
5.5875e-16
2.5616e-15
3.0373e-15
-1.6498e-15
-9.5576e-16
1.6939e-15
-2.3766e-16
-6.4278e-16
-2.4927e-16
1.0543e-15
-5.4931e-16
-6.7319e-16
